20170401000035
20170401000635
20170401001235
20170401001835
20170401002435
20170401003035
20170401003635
20170401004235
20170401004835
20170401005435
20170401010035
20170401010635
20170401011235
20170401011835
20170401012435
20170401013035
20170401013635
20170401014235
20170401014835
20170401015435
20170401020035
20170401020635
20170401021235
20170401021835
20170401022435
20170401023035
20170401023635
20170401024235
20170401024835
20170401025435
20170401030035
20170401030635
20170401031235
20170401031835
20170401032435
20170401033035
20170401033635
20170401034235
20170401034835
20170401035435
20170401040035
20170401040635
20170401041235
20170401041835
20170401042435
20170401043035
20170401043635
20170401044235
20170401044835
20170401045435
20170401050035
20170401050635
20170401051235
20170401051835
20170401052435
20170401053035
20170401053635
20170401054235
20170401054835
20170401055435
20170401060035
20170401060635
20170401061235
20170401061835
20170401062435
20170401063035
20170401063635
20170401064235
20170401064835
20170401065435
20170401070035
20170401070635
20170401071235
20170401071835
20170401072435
20170401073035
20170401073635
20170401074235
20170401074835
20170401075435
20170401080035
20170401080635
20170401081235
20170401081835
20170401082435
20170401083035
20170401083635
20170401084235
20170401084835
20170401085435
20170401090035
20170401090635
20170401091235
20170401091835
20170401092435
20170401093035
20170401093635
20170401094235
20170401094835
20170401095435
20170401100035
20170401100635
20170401101235
20170401101835
20170401102435
20170401103035
20170401103635
20170401104235
20170401104835
20170401105435
20170401110035
20170401110635
20170401111235
20170401111835
20170401112435
20170401113035
20170401113635
20170401114235
20170401114835
20170401115435
20170401120035
20170401120635
20170401121235
20170401121835
20170401122435
20170401123035
20170401123635
20170401124235
20170401124835
20170401125435
20170401130035
20170401130635
20170401131235
20170401131835
20170401132435
20170401133035
20170401133635
20170401134235
20170401134835
20170401135435
20170401140035
20170401140635
20170401141235
20170401141835
20170401142435
20170401143035
20170401143635
20170401144235
20170401144835
20170401145435
20170401150035
20170401150635
20170401151235
20170401151835
20170401152435
20170401153035
20170401153635
20170401154235
20170401154835
20170401155435
20170401160035
20170401160635
20170401161235
20170401161835
20170401162435
20170401163035
20170401163635
20170401164235
20170401164835
20170401165435
20170401170035
20170401170635
20170401171235
20170401171835
20170401172435
20170401173035
20170401173635
20170401174235
20170401174835
20170401175435
20170401180035
20170401180635
20170401181235
20170401181835
20170401182435
20170401183035
20170401183635
20170401184235
20170401184835
20170401185435
20170401190035
20170401190635
20170401191235
20170401191835
20170401192435
20170401193035
20170401193635
20170401194235
20170401194835
20170401195435
20170401200035
20170401200635
20170401201235
20170401201835
20170401202435
20170401203035
20170401203635
20170401204235
20170401204835
20170401205435
20170401210035
20170401210635
20170401211235
20170401211835
20170401212435
20170401213035
20170401213635
20170401214235
20170401214835
20170401215435
20170401220035
20170401220635
20170401221235
20170401221835
20170401222435
20170401223035
20170401223635
20170401224235
20170401224835
20170401225435
20170401230035
20170401230635
20170401231235
20170401231835
20170401232435
20170401233035
20170401233635
20170401234235
20170401234835
20170401235435
20170402000035
20170402000635
20170402001235
20170402001835
20170402002435
20170402003035
20170402003635
20170402004235
20170402004835
20170402005435
20170402010035
20170402010635
20170402011235
20170402011835
20170402012435
20170402013035
20170402013635
20170402014235
20170402014835
20170402015435
20170402020035
20170402020635
20170402021235
20170402021835
20170402022435
20170402023035
20170402023635
20170402024235
20170402024835
20170402025435
20170402030035
20170402030635
20170402031235
20170402031835
20170402032435
20170402033035
20170402033635
20170402034235
20170402034835
20170402035435
20170402040035
20170402040635
20170402041235
20170402041835
20170402042435
20170402043035
20170402043635
20170402044235
20170402044835
20170402045435
20170402050035
20170402050635
20170402051235
20170402051835
20170402052435
20170402053035
20170402053635
20170402054235
20170402054835
20170402055435
20170402060035
20170402060635
20170402061235
20170402061835
20170402062435
20170402063035
20170402063635
20170402064235
20170402064835
20170402065435
20170402070035
20170402070635
20170402071235
20170402071835
20170402072435
20170402073035
20170402073635
20170402074235
20170402074835
20170402075435
20170402080035
20170402080635
20170402081235
20170402081835
20170402082435
20170402083035
20170402083635
20170402084235
20170402084835
20170402085435
20170402090035
20170402090635
20170402091235
20170402091835
20170402092435
20170402093035
20170402093635
20170402094235
20170402094835
20170402095435
20170402100035
20170402100635
20170402101235
20170402101835
20170402102435
20170402103035
20170402103635
20170402104235
20170402104835
20170402105435
20170402110235
20170402110835
20170402111435
20170402112035
20170402112635
20170402113235
20170402113835
20170402114435
20170402115035
20170402115635
20170402120235
20170402120835
20170402121435
20170402122035
20170402122635
20170402123235
20170402123835
20170402124435
20170402125035
20170402125635
20170402130235
20170402130835
20170402131435
20170402132035
20170402132635
20170402133235
20170402133835
20170402134435
20170402135035
20170402135635
20170402140235
20170402140835
20170402141435
20170402142035
20170402142635
20170402143235
20170402143835
20170402144435
20170402145035
20170402145635
20170402150235
20170402150835
20170402151435
20170402152035
20170402152635
20170402153235
20170402153835
20170402154435
20170402155035
20170402155635
20170402160235
20170402160835
20170402161435
20170402162035
20170402162635
20170402163235
20170402163835
20170402164435
20170402165035
20170402165635
20170402170235
20170402170835
20170402171435
20170402172035
20170402172635
20170402173235
20170402173835
20170402174435
20170402175035
20170402175635
20170402180235
20170402180835
20170402181435
20170402182035
20170402182635
20170402183235
20170402183835
20170402184435
20170402185035
20170402185635
20170402190235
20170402190835
20170402191435
20170402192035
20170402192635
20170402193235
20170402193835
20170402194435
20170402195035
20170402195635
20170402200235
20170402200835
20170402201435
20170402202035
20170402202635
20170402203235
20170402203835
20170402204435
20170402205035
20170402205635
20170402210235
20170402210835
20170402211435
20170402212035
20170402212635
20170402213235
20170402213835
20170402214435
20170402215035
20170402215635
20170402220235
20170402220835
20170402221435
20170402222035
20170402222635
20170402223235
20170402223835
20170402224435
20170402225035
20170402225635
20170402230235
20170402230835
20170402231435
20170402232035
20170402232635
20170402233235
20170402233835
20170402234435
20170402235035
20170402235635
20170403000035
20170403000635
20170403001235
20170403001835
20170403002435
20170403003035
20170403003635
20170403004235
20170403004835
20170403005435
20170403010035
20170403010635
20170403011235
20170403011835
20170403012435
20170403013035
20170403013635
20170403014235
20170403014835
20170403015435
20170403020035
20170403020635
20170403021235
20170403021835
20170403022435
20170403023035
20170403023635
20170403024235
20170403024835
20170403025435
20170403030035
20170403030635
20170403031235
20170403031835
20170403032435
20170403033035
20170403033635
20170403034235
20170403034835
20170403035435
20170403040035
20170403040635
20170403041235
20170403041835
20170403042435
20170403043035
20170403043635
20170403044235
20170403044835
20170403045435
20170403050035
20170403050635
20170403051235
20170403051835
20170403052435
20170403053035
20170403053635
20170403054235
20170403054835
20170403055435
20170403060035
20170403060635
20170403061235
20170403061835
20170403062435
20170403063035
20170403063635
20170403064235
20170403064835
20170403065435
20170403070035
20170403070635
20170403071235
20170403071835
20170403072435
20170403073035
20170403073635
20170403074235
20170403074835
20170403075435
20170403080035
20170403080635
20170403081235
20170403081835
20170403082435
20170403083035
20170403083635
20170403084235
20170403084835
20170403085435
20170403090035
20170403090635
20170403091235
20170403091835
20170403092435
20170403093035
20170403093635
20170403094235
20170403094835
20170403095435
20170403100035
20170403100635
20170403101235
20170403101835
20170403102435
20170403103035
20170403103635
20170403104235
20170403104835
20170403105435
20170403110035
20170403110635
20170403111235
20170403111835
20170403112435
20170403113035
20170403113635
20170403114235
20170403114835
20170403115435
20170403120035
20170403120635
20170403121235
20170403121835
20170403122435
20170403123035
20170403123635
20170403124235
20170403124835
20170403125435
20170403130035
20170403130635
20170403131235
20170403131835
20170403132435
20170403133035
20170403133635
20170403134235
20170403134835
20170403135435
20170403140035
20170403140635
20170403141235
20170403141835
20170403142435
20170403143035
20170403143635
20170403144235
20170403144835
20170403145435
20170403150035
20170403150635
20170403151235
20170403151835
20170403152435
20170403153035
20170403153635
20170403154235
20170403154835
20170403155435
20170403160035
20170403160635
20170403161235
20170403161835
20170403162435
20170403163035
20170403163635
20170403164235
20170403164835
20170403165435
20170403170035
20170403170635
20170403171235
20170403171835
20170403172435
20170403173035
20170403173635
20170403174235
20170403174835
20170403175435
20170403180035
20170403180635
20170403181235
20170403181835
20170403182435
20170403183035
20170403183635
20170403184235
20170403184835
20170403185435
20170403190035
20170403190635
20170403191235
20170403191835
20170403192435
20170403193035
20170403193635
20170403194235
20170403194835
20170403195435
20170403200035
20170403200635
20170403201235
20170403201835
20170403202435
20170403203035
20170403203635
20170403204235
20170403204835
20170403205435
20170403210035
20170403210635
20170403211235
20170403211835
20170403212435
20170403213035
20170403213635
20170403214235
20170403214835
20170403215435
20170403220035
20170403220635
20170403221235
20170403221835
20170403222435
20170403223035
20170403223635
20170403224235
20170403224835
20170403225435
20170403230035
20170403230635
20170403231235
20170403231835
20170403232435
20170403233035
20170403233635
20170403234235
20170403234835
20170403235435
20170404000035
20170404000635
20170404001235
20170404001835
20170404002435
20170404003035
20170404003635
20170404004235
20170404004835
20170404005435
20170404010035
20170404010635
20170404011235
20170404011835
20170404012435
20170404013035
20170404013635
20170404014235
20170404014835
20170404015435
20170404020035
20170404020635
20170404021235
20170404021835
20170404022435
20170404023035
20170404023635
20170404024235
20170404024835
20170404025435
20170404030035
20170404030635
20170404031235
20170404031835
20170404032435
20170404033035
20170404033635
20170404034235
20170404034835
20170404035435
20170404040035
20170404040635
20170404041235
20170404041835
20170404042435
20170404043035
20170404043635
20170404044235
20170404044835
20170404045435
20170404050035
20170404050635
20170404051235
20170404051835
20170404052435
20170404053035
20170404053635
20170404054235
20170404054835
20170404055435
20170404060035
20170404060635
20170404061235
20170404061835
20170404062435
20170404063035
20170404063635
20170404064235
20170404064835
20170404065435
20170404070035
20170404070635
20170404071235
20170404071835
20170404072435
20170404073035
20170404073635
20170404074235
20170404074835
20170404075435
20170404080035
20170404080635
20170404081235
20170404081835
20170404082435
20170404083035
20170404083635
20170404084235
20170404084835
20170404085435
20170404090035
20170404090635
20170404091235
20170404091835
20170404092435
20170404093035
20170404093635
20170404094235
20170404094835
20170404095435
20170404100035
20170404100635
20170404101235
20170404101835
20170404102435
20170404103035
20170404103635
20170404104235
20170404104835
20170404105435
20170404110035
20170404110635
20170404111235
20170404111835
20170404112435
20170404113035
20170404113635
20170404114235
20170404114835
20170404115435
20170404120035
20170404120635
20170404121235
20170404121835
20170404122435
20170404123035
20170404123635
20170404124235
20170404124835
20170404125435
20170404130035
20170404130635
20170404131235
20170404131835
20170404132435
20170404133035
20170404133635
20170404134235
20170404134835
20170404135435
20170404140035
20170404140635
20170404141235
20170404141835
20170404142435
20170404143035
20170404143635
20170404144235
20170404144835
20170404145435
20170404150035
20170404150635
20170404151235
20170404151835
20170404152435
20170404153035
20170404153635
20170404154235
20170404154835
20170404155435
20170404160035
20170404160635
20170404161235
20170404161835
20170404162435
20170404163035
20170404163635
20170404164235
20170404164835
20170404165435
20170404170035
20170404170635
20170404171235
20170404171835
20170404172435
20170404173035
20170404173635
20170404174235
20170404174835
20170404175435
20170404180035
20170404180635
20170404181235
20170404181835
20170404182435
20170404183035
20170404183635
20170404184235
20170404184835
20170404185435
20170404190035
20170404190635
20170404191235
20170404191835
20170404192435
20170404193035
20170404193635
20170404194235
20170404194835
20170404195435
20170404200035
20170404200635
20170404201235
20170404201835
20170404202435
20170404203035
20170404203635
20170404204235
20170404204835
20170404205435
20170404210035
20170404210635
20170404211235
20170404211835
20170404212435
20170404213035
20170404213635
20170404214235
20170404214835
20170404215435
20170404220035
20170404220635
20170404221235
20170404221835
20170404222435
20170404223035
20170404223635
20170404224235
20170404224835
20170404225435
20170404230035
20170404230635
20170404231235
20170404231835
20170404232435
20170404233035
20170404233635
20170404234235
20170404234835
20170404235435
20170405000035
20170405000635
20170405001235
20170405001835
20170405002435
20170405003035
20170405003635
20170405004235
20170405004835
20170405005435
20170405010035
20170405010635
20170405011235
20170405011835
20170405012435
20170405013035
20170405013635
20170405014235
20170405014835
20170405015435
20170405020035
20170405020635
20170405021235
20170405021835
20170405022435
20170405023035
20170405023635
20170405024235
20170405024835
20170405025435
20170405030035
20170405030635
20170405031235
20170405031835
20170405032435
20170405033035
20170405033635
20170405034235
20170405034835
20170405035435
20170405040035
20170405040635
20170405041235
20170405041835
20170405042435
20170405043035
20170405043635
20170405044235
20170405044835
20170405045435
20170405050035
20170405050635
20170405051235
20170405051835
20170405052435
20170405053035
20170405053635
20170405054235
20170405054835
20170405055435
20170405060035
20170405060635
20170405061235
20170405061835
20170405062435
20170405063035
20170405063635
20170405064235
20170405064835
20170405065435
20170405070035
20170405070635
20170405071235
20170405071835
20170405072435
20170405073035
20170405073635
20170405074235
20170405074835
20170405075435
20170405080035
20170405080635
20170405081235
20170405081835
20170405082435
20170405083035
20170405083635
20170405084235
20170405084835
20170405085435
20170405090035
20170405090635
20170405091235
20170405091835
20170405092435
20170405093035
20170405093635
20170405094235
20170405094835
20170405095435
20170405100035
20170405100635
20170405101235
20170405101835
20170405102435
20170405103035
20170405103635
20170405104235
20170405104835
20170405105435
20170405110035
20170405110635
20170405111235
20170405111835
20170405112435
20170405113035
20170405113635
20170405114635
20170405115235
20170405115835
20170405120435
20170405121035
20170405121635
20170405122235
20170405122835
20170405123435
20170405124035
20170405124635
20170405125235
20170405125835
20170405130435
20170405131035
20170405131635
20170405132235
20170405132835
20170405133435
20170405134035
20170405134635
20170405135235
20170405135835
20170405140435
20170405141035
20170405141635
20170405142235
20170405142835
20170405143435
20170405144035
20170405144635
20170405145235
20170405145835
20170405150435
20170405151035
20170405151635
20170405152235
20170405152835
20170405153435
20170405154035
20170405154635
20170405155235
20170405155835
20170405160435
20170405161035
20170405161635
20170405162235
20170405162835
20170405163435
20170405164035
20170405164635
20170405165235
20170405165835
20170405170435
20170405171035
20170405171635
20170405172235
20170405172835
20170405173435
20170405174035
20170405174635
20170405175235
20170405175835
20170405180435
20170405181035
20170405181635
20170405182235
20170405182835
20170405183435
20170405184035
20170405184635
20170405185235
20170405185835
20170405190435
20170405191035
20170405191635
20170405192235
20170405192835
20170405193435
20170405194035
20170405194635
20170405195235
20170405195835
20170405200435
20170405201035
20170405201635
20170405202235
20170405202835
20170405203435
20170405204035
20170405204635
20170405205235
20170405205835
20170405210435
20170405211035
20170405211635
20170405212235
20170405212835
20170405213435
20170405214035
20170405214635
20170405215235
20170405215835
20170405220435
20170405221035
20170405221635
20170405222235
20170405222835
20170405223435
20170405224035
20170405224635
20170405225235
20170405225835
20170405230435
20170405231035
20170405231635
20170405232235
20170405232835
20170405233435
20170405234035
20170405234635
20170405235235
20170405235835
20170406000035
20170406000635
20170406001235
20170406001835
20170406002435
20170406003035
20170406003635
20170406004235
20170406004835
20170406005435
20170406010035
20170406010635
20170406011235
20170406011835
20170406012435
20170406013035
20170406013635
20170406014235
20170406014835
20170406015435
20170406020035
20170406020635
20170406021235
20170406021835
20170406022435
20170406023035
20170406023635
20170406024235
20170406024835
20170406025435
20170406030035
20170406030635
20170406031235
20170406031835
20170406032435
20170406033035
20170406033635
20170406034235
20170406034835
20170406035435
20170406040035
20170406040635
20170406041235
20170406041835
20170406042435
20170406043035
20170406043635
20170406044235
20170406044835
20170406045435
20170406050035
20170406050635
20170406051235
20170406051835
20170406052435
20170406053035
20170406053635
20170406054235
20170406054835
20170406055435
20170406060035
20170406060635
20170406061235
20170406061835
20170406062435
20170406063035
20170406063635
20170406064235
20170406064835
20170406065435
20170406070035
20170406070635
20170406071235
20170406071835
20170406072435
20170406073035
20170406073635
20170406074235
20170406074835
20170406075435
20170406080035
20170406080635
20170406081235
20170406081835
20170406082435
20170406083035
20170406083635
20170406084235
20170406084835
20170406085435
20170406090035
20170406090635
20170406091235
20170406091835
20170406092435
20170406093035
20170406093635
20170406094235
20170406094835
20170406095435
20170406100035
20170406100635
20170406101235
20170406101835
20170406102435
20170406103035
20170406103635
20170406104235
20170406104835
20170406105435
20170406110035
20170406110635
20170406111235
20170406111835
20170406112435
20170406113035
20170406113635
20170406114235
20170406114835
20170406115435
20170406120035
20170406120635
20170406121235
20170406121835
20170406122435
20170406123035
20170406123635
20170406124235
20170406124835
20170406125435
20170406130035
20170406130635
20170406131235
20170406131835
20170406132435
20170406133035
20170406133635
20170406134235
20170406134835
20170406135435
20170406140035
20170406140635
20170406141235
20170406141835
20170406142435
20170406143035
20170406143635
20170406144235
20170406144835
20170406145435
20170406150035
20170406150635
20170406151235
20170406151835
20170406152435
20170406153035
20170406153635
20170406154235
20170406154835
20170406155435
20170406160035
20170406160635
20170406161235
20170406161835
20170406162435
20170406163035
20170406163635
20170406164235
20170406164835
20170406165435
20170406170035
20170406170635
20170406171235
20170406171835
20170406172435
20170406173035
20170406173635
20170406174235
20170406174835
20170406175435
20170406180035
20170406180635
20170406181235
20170406181835
20170406182435
20170406183035
20170406183635
20170406184235
20170406184835
20170406185435
20170406190035
20170406190635
20170406191235
20170406191835
20170406192435
20170406193035
20170406193635
20170406194235
20170406194835
20170406195435
20170406200035
20170406200635
20170406201235
20170406201835
20170406202435
20170406203035
20170406203635
20170406204235
20170406204835
20170406205435
20170406210035
20170406210635
20170406211235
20170406211835
20170406212435
20170406213035
20170406213635
20170406214235
20170406214835
20170406215435
20170406220035
20170406220635
20170406221235
20170406221835
20170406222435
20170406223035
20170406223635
20170406224235
20170406224835
20170406225435
20170406230035
20170406230635
20170406231235
20170406231835
20170406232435
20170406233035
20170406233635
20170406234235
20170406234835
20170406235435
20170407000035
20170407000635
20170407001235
20170407001835
20170407002435
20170407003035
20170407003635
20170407004235
20170407004835
20170407005435
20170407010035
20170407010635
20170407011235
20170407011835
20170407012435
20170407013035
20170407013635
20170407014235
20170407014835
20170407015435
20170407020035
20170407020635
20170407021235
20170407021835
20170407022435
20170407023035
20170407023635
20170407024235
20170407024835
20170407025435
20170407030035
20170407030635
20170407031235
20170407031835
20170407032435
20170407033035
20170407033635
20170407034235
20170407034835
20170407035435
20170407040035
20170407040635
20170407041235
20170407041835
20170407042435
20170407043035
20170407043635
20170407044235
20170407044835
20170407045435
20170407050235
20170407050835
20170407051435
20170407052035
20170407052635
20170407053235
20170407053835
20170407054435
20170407055035
20170407055635
20170407060235
20170407060835
20170407061435
20170407062035
20170407062635
20170407063235
20170407063835
20170407064435
20170407065035
20170407065635
20170407070235
20170407070835
20170407071435
20170407072035
20170407072635
20170407073235
20170407073835
20170407074435
20170407075035
20170407075635
20170407080235
20170407080835
20170407081435
20170407082035
20170407082635
20170407083235
20170407083835
20170407084435
20170407085035
20170407085635
20170407090235
20170407090835
20170407091435
20170407092035
20170407092635
20170407093235
20170407093835
20170407094435
20170407095035
20170407095635
20170407100235
20170407100835
20170407101435
20170407102035
20170407102635
20170407103235
20170407103835
20170407104435
20170407105035
20170407105635
20170407110235
20170407110835
20170407111435
20170407112035
20170407112635
20170407113235
20170407113835
20170407114435
20170407115035
20170407115635
20170407120235
20170407120835
20170407121435
20170407122035
20170407122635
20170407123235
20170407123835
20170407124435
20170407125035
20170407125635
20170407130235
20170407130835
20170407131435
20170407132035
20170407132635
20170407133235
20170407133835
20170407134435
20170407135035
20170407135635
20170407140235
20170407140835
20170407141435
20170407142035
20170407142635
20170407143235
20170407143835
20170407144435
20170407145035
20170407145635
20170407150235
20170407150835
20170407151435
20170407152035
20170407152635
20170407153235
20170407153835
20170407154435
20170407155035
20170407155635
20170407160235
20170407160835
20170407161435
20170407162035
20170407162635
20170407163235
20170407163835
20170407164435
20170407165035
20170407165635
20170407170235
20170407170835
20170407171435
20170407172035
20170407172635
20170407173235
20170407173835
20170407174435
20170407175035
20170407175635
20170407180235
20170407180835
20170407181435
20170407182035
20170407182635
20170407183235
20170407183835
20170407184435
20170407185035
20170407185635
20170407190235
20170407190835
20170407191435
20170407192035
20170407192635
20170407193235
20170407193835
20170407194435
20170407195035
20170407195635
20170407200235
20170407200835
20170407201435
20170407202035
20170407202635
20170407203235
20170407203835
20170407204435
20170407205035
20170407205635
20170407210235
20170407210835
20170407211435
20170407212035
20170407212635
20170407213235
20170407213835
20170407214435
20170407215035
20170407215635
20170407220235
20170407220835
20170407221435
20170407222035
20170407222635
20170407223235
20170407223835
20170407224435
20170407225035
20170407225635
20170407230235
20170407230835
20170407231435
20170407232035
20170407232635
20170407233235
20170407233835
20170407234435
20170407235035
20170407235635
20170408000035
20170408000635
20170408001235
20170408001835
20170408002435
20170408003035
20170408003635
20170408004235
20170408004835
20170408005435
20170408010035
20170408010635
20170408011235
20170408011835
20170408012435
20170408013035
20170408013635
20170408014235
20170408014835
20170408015435
20170408020035
20170408020635
20170408021235
20170408021835
20170408022435
20170408023035
20170408023635
20170408024235
20170408024835
20170408025435
20170408030035
20170408030635
20170408031235
20170408031835
20170408032435
20170408033035
20170408033635
20170408034235
20170408034835
20170408035435
20170408040035
20170408040635
20170408041235
20170408041835
20170408042435
20170408043035
20170408043635
20170408044235
20170408044835
20170408045435
20170408050035
20170408050635
20170408051235
20170408051835
20170408052435
20170408053035
20170408053635
20170408054235
20170408054835
20170408055435
20170408060035
20170408060635
20170408061235
20170408061835
20170408062435
20170408063035
20170408063635
20170408064235
20170408064835
20170408065435
20170408070035
20170408070635
20170408071235
20170408071835
20170408072435
20170408073035
20170408073635
20170408074235
20170408074835
20170408075435
20170408080035
20170408080635
20170408081235
20170408081835
20170408082435
20170408083035
20170408083635
20170408084235
20170408084835
20170408085435
20170408090035
20170408090635
20170408091235
20170408091835
20170408092435
20170408093035
20170408093635
20170408094235
20170408094835
20170408095435
20170408100035
20170408100635
20170408101235
20170408101835
20170408102435
20170408103035
20170408103635
20170408104235
20170408104835
20170408105435
20170408110035
20170408110635
20170408111235
20170408111835
20170408112435
20170408113035
20170408113635
20170408114235
20170408114835
20170408115435
20170408120035
20170408120635
20170408121235
20170408121835
20170408122435
20170408123035
20170408123635
20170408124235
20170408124835
20170408125435
20170408130035
20170408130635
20170408131235
20170408131835
20170408132435
20170408133035
20170408133635
20170408134235
20170408134835
20170408135435
20170408140035
20170408140635
20170408141235
20170408141835
20170408142435
20170408143035
20170408143635
20170408144235
20170408144835
20170408145435
20170408150035
20170408150635
20170408151235
20170408151835
20170408152435
20170408153035
20170408153635
20170408154235
20170408154835
20170408155435
20170408160035
20170408160635
20170408161235
20170408161835
20170408162435
20170408163035
20170408163635
20170408164235
20170408164835
20170408165435
20170408170035
20170408170635
20170408171235
20170408171835
20170408172435
20170408173035
20170408173635
20170408174235
20170408174835
20170408175435
20170408180035
20170408180635
20170408181235
20170408181835
20170408182435
20170408183035
20170408183635
20170408184235
20170408184835
20170408185435
20170408190035
20170408190635
20170408191235
20170408191835
20170408192435
20170408193035
20170408193635
20170408194235
20170408194835
20170408195435
20170408200035
20170408200635
20170408201235
20170408201835
20170408202435
20170408203035
20170408203635
20170408204235
20170408204835
20170408205435
20170408210035
20170408210635
20170408211235
20170408211835
20170408212435
20170408213035
20170408213635
20170408214235
20170408214835
20170408215435
20170408220035
20170408220635
20170408221235
20170408221835
20170408222435
20170408223035
20170408223635
20170408224235
20170408224835
20170408225435
20170408230035
20170408230635
20170408231235
20170408231835
20170408232435
20170408233035
20170408233635
20170408234235
20170408234835
20170408235435
20170409000035
20170409000635
20170409001235
20170409001835
20170409002435
20170409003035
20170409003635
20170409004235
20170409004835
20170409005435
20170409010035
20170409010635
20170409011235
20170409011835
20170409012435
20170409013035
20170409013635
20170409014235
20170409014835
20170409015435
20170409020035
20170409020635
20170409021235
20170409021835
20170409022435
20170409023035
20170409023635
20170409024235
20170409024835
20170409025435
20170409030035
20170409030635
20170409031235
20170409031835
20170409032435
20170409033035
20170409033635
20170409034235
20170409034835
20170409035435
20170409040035
20170409040635
20170409041235
20170409041835
20170409042435
20170409043035
20170409043635
20170409044235
20170409044835
20170409045435
20170409050035
20170409050635
20170409051235
20170409051835
20170409052435
20170409053035
20170409053635
20170409054235
20170409054835
20170409055435
20170409060035
20170409060635
20170409061235
20170409061835
20170409062435
20170409063035
20170409063635
20170409064235
20170409064835
20170409065435
20170409070035
20170409070635
20170409071235
20170409071835
20170409072435
20170409073035
20170409073635
20170409074235
20170409074835
20170409075435
20170409080035
20170409080635
20170409081235
20170409081835
20170409082435
20170409083035
20170409083635
20170409084235
20170409084835
20170409085435
20170409090035
20170409090635
20170409091235
20170409091835
20170409092435
20170409093035
20170409093635
20170409094235
20170409094835
20170409095435
20170409100035
20170409100635
20170409101235
20170409101835
20170409102435
20170409103035
20170409103635
20170409104235
20170409104835
20170409105435
20170409110035
20170409110635
20170409111235
20170409111835
20170409112435
20170409113035
20170409113635
20170409114235
20170409114835
20170409115435
20170409120035
20170409120635
20170409121235
20170409121835
20170409122435
20170409123035
20170409123635
20170409124235
20170409124835
20170409125435
20170409130035
20170409130635
20170409131235
20170409131835
20170409132435
20170409133035
20170409133635
20170409134235
20170409134835
20170409135435
20170409140035
20170409140635
20170409141235
20170409141835
20170409142435
20170409143035
20170409143635
20170409144235
20170409144835
20170409145435
20170409150035
20170409150635
20170409151235
20170409151835
20170409152435
20170409153035
20170409153635
20170409154235
20170409154835
20170409155435
20170409160035
20170409160635
20170409161235
20170409161835
20170409162435
20170409163035
20170409163635
20170409164235
20170409164835
20170409165435
20170409170035
20170409170635
20170409171235
20170409171835
20170409172435
20170409173035
20170409173635
20170409174235
20170409174835
20170409175435
20170409180035
20170409180635
20170409181235
20170409181835
20170409182435
20170409183035
20170409183635
20170409184235
20170409184835
20170409185435
20170409190035
20170409190635
20170409191235
20170409191835
20170409192435
20170409193035
20170409193635
20170409194235
20170409194835
20170409195435
20170409200035
20170409200635
20170409201235
20170409201835
20170409202435
20170409203035
20170409203635
20170409204235
20170409204835
20170409205435
20170409210035
20170409210635
20170409211235
20170409211835
20170409212435
20170409213035
20170409213635
20170409214235
20170409214835
20170409215435
20170409220035
20170409220635
20170409221235
20170409221835
20170409222435
20170409223035
20170409223635
20170409224235
20170409224835
20170409225435
20170409230035
20170409230635
20170409231235
20170409231835
20170409232435
20170409233035
20170409233635
20170409234235
20170409234835
20170409235435
20170410000035
20170410000635
20170410001235
20170410001835
20170410002435
20170410003035
20170410003635
20170410004235
20170410004835
20170410005435
20170410010035
20170410010635
20170410011235
20170410011835
20170410012435
20170410013035
20170410013635
20170410014235
20170410014835
20170410015435
20170410020035
20170410020635
20170410021235
20170410021835
20170410022435
20170410023035
20170410023635
20170410024235
20170410024835
20170410025435
20170410030035
20170410030635
20170410031235
20170410031835
20170410032435
20170410033035
20170410033635
20170410034235
20170410034835
20170410035435
20170410040035
20170410040635
20170410041235
20170410041835
20170410042435
20170410043035
20170410043635
20170410044235
20170410044835
20170410045435
20170410050035
20170410050635
20170410051235
20170410051835
20170410052435
20170410053035
20170410053635
20170410054235
20170410054835
20170410055435
20170410060035
20170410060635
20170410061235
20170410061835
20170410062435
20170410063035
20170410063635
20170410064235
20170410064835
20170410065435
20170410070035
20170410070635
20170410071235
20170410071835
20170410072435
20170410073035
20170410073635
20170410074235
20170410074835
20170410075435
20170410080035
20170410080635
20170410081235
20170410081835
20170410082435
20170410083035
20170410083635
20170410084235
20170410084835
20170410085435
20170410090035
20170410090635
20170410091235
20170410091835
20170410092435
20170410093035
20170410093635
20170410094235
20170410094835
20170410095435
20170410100035
20170410100635
20170410101235
20170410101835
20170410102435
20170410103035
20170410103635
20170410104235
20170410104835
20170410105435
20170410110035
20170410110635
20170410111235
20170410111835
20170410112435
20170410113035
20170410113635
20170410114235
20170410114835
20170410115435
20170410120035
20170410120635
20170410121235
20170410121835
20170410122435
20170410123035
20170410123635
20170410124235
20170410124835
20170410125435
20170410130035
20170410130635
20170410131235
20170410131835
20170410132435
20170410133035
20170410133635
20170410134235
20170410134835
20170410135435
20170410140035
20170410140635
20170410141235
20170410141835
20170410142435
20170410143035
20170410143635
20170410144235
20170410144835
20170410145435
20170410150035
20170410150635
20170410151235
20170410151835
20170410152435
20170410153035
20170410153635
20170410154235
20170410154835
20170410155435
20170410160035
20170410160635
20170410161235
20170410161835
20170410162435
20170410163035
20170410163635
20170410164235
20170410164835
20170410165435
20170410170035
20170410170635
20170410171235
20170410171835
20170410172435
20170410173035
20170410173635
20170410174235
20170410174835
20170410175435
20170410180035
20170410180635
20170410181235
20170410181835
20170410182435
20170410183035
20170410183635
20170410184235
20170410184835
20170410185435
20170410190035
20170410190635
20170410191235
20170410191835
20170410192435
20170410193035
20170410193635
20170410194235
20170410194835
20170410195435
20170410200035
20170410200635
20170410201235
20170410201835
20170410202435
20170410203035
20170410203635
20170410204235
20170410204835
20170410205435
20170410210035
20170410210635
20170410211235
20170410211835
20170410212435
20170410213035
20170410213635
20170410214235
20170410214835
20170410215435
20170410220035
20170410220635
20170410221235
20170410221835
20170410222435
20170410223035
20170410223635
20170410224235
20170410224835
20170410225435
20170410230035
20170410230635
20170410231235
20170410231835
20170410232435
20170410233035
20170410233635
20170410234235
20170410234835
20170410235435
20170808000035
20170808000635
20170808001235
20170808001835
20170808002435
20170808003035
20170808003635
20170808004235
20170808004835
20170808005435
20170808010035
20170808010635
20170808011235
20170808011835
20170808012435
20170808013035
20170808013635
20170808014235
20170808014835
20170808015435
20170808020035
20170808020635
20170808021235
20170808021835
20170808022435
20170808023035
20170808023635
20170808024235
20170808024835
20170808025435
20170808030035
20170808030635
20170808031235
20170808031835
20170808032435
20170808033035
20170808033635
20170808034235
20170808034835
20170808035435
20170808040035
20170808040635
20170808041235
20170808041835
20170808042435
20170808043035
20170808043635
20170808044235
20170808044835
20170808045435
20170808050035
20170808050635
20170808051235
20170808051835
20170808052435
20170808053035
20170808053635
20170808054235
20170808054835
20170808055435
20170808060035
20170808060635
20170808061235
20170808061835
20170808062435
20170808063035
20170808063635
20170808064235
20170808064835
20170808065435
20170808070035
20170808070635
20170808071235
20170808071835
20170808072435
20170808073035
20170808073635
20170808074235
20170808074835
20170808075435
20170808080035
20170808080635
20170808081235
20170808081835
20170808082435
20170808083035
20170808083635
20170808084235
20170808084835
20170808085435
20170808090035
20170808090635
20170808091235
20170808091835
20170808092435
20170808093035
20170808093635
20170808094235
20170808094835
20170808095435
20170808100035
20170808100635
20170808101235
20170808101835
20170808102435
20170808103035
20170808103635
20170808104235
20170808104835
20170808105435
20170808110035
20170808110635
20170808111235
20170808111835
20170808112435
20170808113035
20170808113635
20170808114235
20170808114835
20170808115435
20170808120035
20170808120635
20170808121235
20170808121835
20170808122435
20170808123035
20170808123635
20170808124235
20170808124835
20170808125435
20170808130035
20170808130635
20170808131235
20170808131835
20170808132435
20170808133035
20170808133635
20170808134235
20170808134835
20170808135435
20170808140035
20170808140635
20170808141235
20170808141835
20170808142435
20170808143035
20170808143635
20170808144235
20170808144835
20170808145435
20170808150035
20170808150635
20170808151235
20170808151835
20170808152435
20170808153035
20170808153635
20170808154235
20170808154835
20170808155435
20170808160035
20170808160635
20170808161235
20170808161835
20170808162435
20170808163035
20170808163635
20170808164235
20170808164835
20170808165435
20170808170035
20170808170635
20170808171235
20170808171835
20170808172435
20170808173035
20170808173635
20170808174235
20170808174835
20170808175435
20170808180035
20170808180635
20170808181235
20170808181835
20170808182435
20170808183035
20170808183635
20170808184235
20170808184835
20170808185435
20170808190035
20170808190635
20170808191235
20170808191835
20170808192435
20170808193035
20170808193635
20170808194235
20170808194835
20170808195435
20170808200035
20170808200635
20170808201235
20170808201835
20170808202435
20170808203035
20170808203635
20170808204235
20170808204835
20170808205435
20170808210035
20170808210635
20170808211235
20170808211835
20170808212435
20170808213035
20170808213635
20170808214235
20170808214835
20170808215435
20170808220035
20170808220635
20170808221235
20170808221835
20170808222435
20170808223035
20170808223635
20170808224235
20170808224835
20170808225435
20170808230035
20170808230635
20170808231235
20170808231835
20170808232435
20170808233035
20170808233635
20170808234235
20170808234835
20170808235435
