20170826000035	0
20170826000635	1
20170826001235	2
20170826001835	3
20170826002435	4
20170826003035	5
20170826003635	6
20170826004235	7
20170826004835	8
20170826005435	9
20170826010035	10
20170826010635	11
20170826011235	12
20170826011835	13
20170826012435	14
20170826013035	15
20170826013635	16
20170826014235	17
20170826014835	18
20170826015435	19
20170826020035	20
20170826020635	21
20170826021235	22
20170826021835	23
20170826022435	24
20170826023035	25
20170826023635	26
20170826024235	27
20170826024835	28
20170826025435	29
20170826030035	30
20170826030635	31
20170826031235	32
20170826031835	33
20170826032435	34
20170826033035	35
20170826033635	36
20170826034235	37
20170826034835	38
20170826035435	39
20170826040035	40
20170826040635	41
20170826041235	42
20170826041835	43
20170826042435	44
20170826043035	45
20170826043635	46
20170826044235	47
20170826044835	48
20170826045435	49
20170826050035	50
20170826050635	51
20170826051235	52
20170826051835	53
20170826052435	54
20170826053035	55
20170826053635	56
20170826054235	57
20170826054835	58
20170826055435	59
20170826060035	60
20170826060635	61
20170826061235	62
20170826061835	63
20170826062435	64
20170826063035	65
20170826063635	66
20170826064235	67
20170826064835	68
20170826065435	69
20170826070035	70
20170826070635	71
20170826071235	72
20170826071835	73
20170826072435	74
20170826073035	75
20170826073635	76
20170826074235	77
20170826074835	78
20170826075435	79
20170826080035	80
20170826080635	81
20170826081235	82
20170826081835	83
20170826082435	84
20170826083035	85
20170826083635	86
20170826084235	87
20170826084835	88
20170826085435	89
20170826090035	90
20170826090635	91
20170826091235	92
20170826091835	93
20170826092435	94
20170826093035	95
20170826093635	96
20170826094235	97
20170826094835	98
20170826095435	99
20170826100035	100
20170826100635	101
20170826101235	102
20170826101835	103
20170826102435	104
20170826103035	105
20170826103635	106
20170826104235	107
20170826104835	108
20170826105435	109
20170826110035	110
20170826110635	111
20170826111235	112
20170826111835	113
20170826112435	114
20170826113035	115
20170826113635	116
20170826114235	117
20170826114835	118
20170826115435	119
20170826120035	120
20170826120635	121
20170826121235	122
20170826121835	123
20170826122435	124
20170826123035	125
20170826123635	126
20170826124235	127
20170826124835	128
20170826125435	129
20170826130035	130
20170826130635	131
20170826131235	132
20170826131835	133
20170826132435	134
20170826133035	135
20170826133635	136
20170826134235	137
20170826134835	138
20170826135435	139
20170826140035	140
20170826140635	141
20170826141235	142
20170826141835	143
20170826142435	144
20170826143035	145
20170826143635	146
20170826144235	147
20170826144835	148
20170826145435	149
20170826150035	150
20170826150635	151
20170826151235	152
20170826151835	153
20170826152435	154
20170826153035	155
20170826153635	156
20170826154235	157
20170826154835	158
20170826155435	159
20170826160035	160
20170826160635	161
20170826161235	162
20170826161835	163
20170826162435	164
20170826163035	165
20170826163635	166
