20170401000035	0
20170401000635	1
20170401001235	2
20170401001835	3
20170401002435	4
20170401003035	5
20170401003635	6
20170401004235	7
20170401004835	8
20170401005435	9
20170401010035	10
20170401010635	11
20170401011235	12
20170401011835	13
20170401012435	14
20170401013035	15
20170401013635	16
20170401014235	17
20170401014835	18
20170401015435	19
20170401020035	20
20170401020635	21
20170401021235	22
20170401021835	23
20170401022435	24
20170401023035	25
20170401023635	26
20170401024235	27
20170401024835	28
20170401025435	29
20170401030035	30
20170401030635	31
20170401031235	32
20170401031835	33
20170401032435	34
20170401033035	35
20170401033635	36
20170401034235	37
20170401034835	38
20170401035435	39
20170401040035	40
20170401040635	41
20170401041235	42
20170401041835	43
20170401042435	44
20170401043035	45
20170401043635	46
20170401044235	47
20170401044835	48
20170401045435	49
20170401050035	50
20170401050635	51
20170401051235	52
20170401051835	53
20170401052435	54
20170401053035	55
20170401053635	56
20170401054235	57
20170401054835	58
20170401055435	59
20170401060035	60
20170401060635	61
20170401061235	62
20170401061835	63
20170401062435	64
20170401063035	65
20170401063635	66
20170401064235	67
20170401064835	68
20170401065435	69
20170401070035	70
20170401070635	71
20170401071235	72
20170401071835	73
20170401072435	74
20170401073035	75
20170401073635	76
20170401074235	77
20170401074835	78
20170401075435	79
20170401080035	80
20170401080635	81
20170401081235	82
20170401081835	83
20170401082435	84
20170401083035	85
20170401083635	86
20170401084235	87
20170401084835	88
20170401085435	89
20170401090035	90
20170401090635	91
20170401091235	92
20170401091835	93
20170401092435	94
20170401093035	95
20170401093635	96
20170401094235	97
20170401094835	98
20170401095435	99
20170401100035	100
20170401100635	101
20170401101235	102
20170401101835	103
20170401102435	104
20170401103035	105
20170401103635	106
20170401104235	107
20170401104835	108
20170401105435	109
20170401110035	110
20170401110635	111
20170401111235	112
20170401111835	113
20170401112435	114
20170401113035	115
20170401113635	116
20170401114235	117
20170401114835	118
20170401115435	119
20170401120035	120
20170401120635	121
20170401121235	122
20170401121835	123
20170401122435	124
20170401123035	125
20170401123635	126
20170401124235	127
20170401124835	128
20170401125435	129
20170401130035	130
20170401130635	131
20170401131235	132
20170401131835	133
20170401132435	134
20170401133035	135
20170401133635	136
20170401134235	137
20170401134835	138
20170401135435	139
20170401140035	140
20170401140635	141
20170401141235	142
20170401141835	143
20170401142435	144
20170401143035	145
20170401143635	146
20170401144235	147
20170401144835	148
20170401145435	149
20170401150035	150
20170401150635	151
20170401151235	152
20170401151835	153
20170401152435	154
20170401153035	155
20170401153635	156
20170401154235	157
20170401154835	158
20170401155435	159
20170401160035	160
20170401160635	161
20170401161235	162
20170401161835	163
20170401162435	164
20170401163035	165
20170401163635	166
20170401164235	167
20170401164835	168
20170401165435	169
20170401170035	170
20170401170635	171
20170401171235	172
20170401171835	173
20170401172435	174
20170401173035	175
20170401173635	176
20170401174235	177
20170401174835	178
20170401175435	179
20170401180035	180
20170401180635	181
20170401181235	182
20170401181835	183
20170401182435	184
20170401183035	185
20170401183635	186
20170401184235	187
20170401184835	188
20170401185435	189
20170401190035	190
20170401190635	191
20170401191235	192
20170401191835	193
20170401192435	194
20170401193035	195
20170401193635	196
20170401194235	197
20170401194835	198
20170401195435	199
20170401200035	200
20170401200635	201
20170401201235	202
20170401201835	203
20170401202435	204
20170401203035	205
20170401203635	206
20170401204235	207
20170401204835	208
20170401205435	209
20170401210035	210
20170401210635	211
20170401211235	212
20170401211835	213
20170401212435	214
20170401213035	215
20170401213635	216
20170401214235	217
20170401214835	218
20170401215435	219
20170401220035	220
20170401220635	221
20170401221235	222
20170401221835	223
20170401222435	224
20170401223035	225
20170401223635	226
20170401224235	227
20170401224835	228
20170401225435	229
20170401230035	230
20170401230635	231
20170401231235	232
20170401231835	233
20170401232435	234
20170401233035	235
20170401233635	236
20170401234235	237
20170401234835	238
20170401235435	239
20170403000035	480
20170403000635	481
20170403001235	482
20170403001835	483
20170403002435	484
20170403003035	485
20170403003635	486
20170403004235	487
20170403004835	488
20170403005435	489
20170403010035	490
20170403010635	491
20170403011235	492
20170403011835	493
20170403012435	494
20170403013035	495
20170403013635	496
20170403014235	497
20170403014835	498
20170403015435	499
20170403020035	500
20170403020635	501
20170403021235	502
20170403021835	503
20170403022435	504
20170403023035	505
20170403023635	506
20170403024235	507
20170403024835	508
20170403025435	509
20170403030035	510
20170403030635	511
20170403031235	512
20170403031835	513
20170403032435	514
20170403033035	515
20170403033635	516
20170403034235	517
20170403034835	518
20170403035435	519
20170403040035	520
20170403040635	521
20170403041235	522
20170403041835	523
20170403042435	524
20170403043035	525
20170403043635	526
20170403044235	527
20170403044835	528
20170403045435	529
20170403050035	530
20170403050635	531
20170403051235	532
20170403051835	533
20170403052435	534
20170403053035	535
20170403053635	536
20170403054235	537
20170403054835	538
20170403055435	539
20170403060035	540
20170403060635	541
20170403061235	542
20170403061835	543
20170403062435	544
20170403063035	545
20170403063635	546
20170403064235	547
20170403064835	548
20170403065435	549
20170403070035	550
20170403070635	551
20170403071235	552
20170403071835	553
20170403072435	554
20170403073035	555
20170403073635	556
20170403074235	557
20170403074835	558
20170403075435	559
20170403080035	560
20170403080635	561
20170403081235	562
20170403081835	563
20170403082435	564
20170403083035	565
20170403083635	566
20170403084235	567
20170403084835	568
20170403085435	569
20170403090035	570
20170403090635	571
20170403091235	572
20170403091835	573
20170403092435	574
20170403093035	575
20170403093635	576
20170403094235	577
20170403094835	578
20170403095435	579
20170403100035	580
20170403100635	581
20170403101235	582
20170403101835	583
20170403102435	584
20170403103035	585
20170403103635	586
20170403104235	587
20170403104835	588
20170403105435	589
20170403110035	590
20170403110635	591
20170403111235	592
20170403111835	593
20170403112435	594
20170403113035	595
20170403113635	596
20170403114235	597
20170403114835	598
20170403115435	599
20170403120035	600
20170403120635	601
20170403121235	602
20170403121835	603
20170403122435	604
20170403123035	605
20170403123635	606
20170403124235	607
20170403124835	608
20170403125435	609
20170403130035	610
20170403130635	611
20170403131235	612
20170403131835	613
20170403132435	614
20170403133035	615
20170403133635	616
20170403134235	617
20170403134835	618
20170403135435	619
20170403140035	620
20170403140635	621
20170403141235	622
20170403141835	623
20170403142435	624
20170403143035	625
20170403143635	626
20170403144235	627
20170403144835	628
20170403145435	629
20170403150035	630
20170403150635	631
20170403151235	632
20170403151835	633
20170403152435	634
20170403153035	635
20170403153635	636
20170403154235	637
20170403154835	638
20170403155435	639
20170403160035	640
20170403160635	641
20170403161235	642
20170403161835	643
20170403162435	644
20170403163035	645
20170403163635	646
20170403164235	647
20170403164835	648
20170403165435	649
20170403170035	650
20170403170635	651
20170403171235	652
20170403171835	653
20170403172435	654
20170403173035	655
20170403173635	656
20170403174235	657
20170403174835	658
20170403175435	659
20170403180035	660
20170403180635	661
20170403181235	662
20170403181835	663
20170403182435	664
20170403183035	665
20170403183635	666
20170403184235	667
20170403184835	668
20170403185435	669
20170403190035	670
20170403190635	671
20170403191235	672
20170403191835	673
20170403192435	674
20170403193035	675
20170403193635	676
20170403194235	677
20170403194835	678
20170403195435	679
20170403200035	680
20170403200635	681
20170403201235	682
20170403201835	683
20170403202435	684
20170403203035	685
20170403203635	686
20170403204235	687
20170403204835	688
20170403205435	689
20170403210035	690
20170403210635	691
20170403211235	692
20170403211835	693
20170403212435	694
20170403213035	695
20170403213635	696
20170403214235	697
20170403214835	698
20170403215435	699
20170403220035	700
20170403220635	701
20170403221235	702
20170403221835	703
20170403222435	704
20170403223035	705
20170403223635	706
20170403224235	707
20170403224835	708
20170403225435	709
20170403230035	710
20170403230635	711
20170403231235	712
20170403231835	713
20170403232435	714
20170403233035	715
20170403233635	716
20170403234235	717
20170403234835	718
20170403235435	719
20170404000035	720
20170404000635	721
20170404001235	722
20170404001835	723
20170404002435	724
20170404003035	725
20170404003635	726
20170404004235	727
20170404004835	728
20170404005435	729
20170404010035	730
20170404010635	731
20170404011235	732
20170404011835	733
20170404012435	734
20170404013035	735
20170404013635	736
20170404014235	737
20170404014835	738
20170404015435	739
20170404020035	740
20170404020635	741
20170404021235	742
20170404021835	743
20170404022435	744
20170404023035	745
20170404023635	746
20170404024235	747
20170404024835	748
20170404025435	749
20170404030035	750
20170404030635	751
20170404031235	752
20170404031835	753
20170404032435	754
20170404033035	755
20170404033635	756
20170404034235	757
20170404034835	758
20170404035435	759
20170404040035	760
20170404040635	761
20170404041235	762
20170404041835	763
20170404042435	764
20170404043035	765
20170404043635	766
20170404044235	767
20170404044835	768
20170404045435	769
20170404050035	770
20170404050635	771
20170404051235	772
20170404051835	773
20170404052435	774
20170404053035	775
20170404053635	776
20170404054235	777
20170404054835	778
20170404055435	779
20170404060035	780
20170404060635	781
20170404061235	782
20170404061835	783
20170404062435	784
20170404063035	785
20170404063635	786
20170404064235	787
20170404064835	788
20170404065435	789
20170404070035	790
20170404070635	791
20170404071235	792
20170404071835	793
20170404072435	794
20170404073035	795
20170404073635	796
20170404074235	797
20170404074835	798
20170404075435	799
20170404080035	800
20170404080635	801
20170404081235	802
20170404081835	803
20170404082435	804
20170404083035	805
20170404083635	806
20170404084235	807
20170404084835	808
20170404085435	809
20170404090035	810
20170404090635	811
20170404091235	812
20170404091835	813
20170404092435	814
20170404093035	815
20170404093635	816
20170404094235	817
20170404094835	818
20170404095435	819
20170404100035	820
20170404100635	821
20170404101235	822
20170404101835	823
20170404102435	824
20170404103035	825
20170404103635	826
20170404104235	827
20170404104835	828
20170404105435	829
20170404110035	830
20170404110635	831
20170404111235	832
20170404111835	833
20170404112435	834
20170404113035	835
20170404113635	836
20170404114235	837
20170404114835	838
20170404115435	839
20170404120035	840
20170404120635	841
20170404121235	842
20170404121835	843
20170404122435	844
20170404123035	845
20170404123635	846
20170404124235	847
20170404124835	848
20170404125435	849
20170404130035	850
20170404130635	851
20170404131235	852
20170404131835	853
20170404132435	854
20170404133035	855
20170404133635	856
20170404134235	857
20170404134835	858
20170404135435	859
20170404140035	860
20170404140635	861
20170404141235	862
20170404141835	863
20170404142435	864
20170404143035	865
20170404143635	866
20170404144235	867
20170404144835	868
20170404145435	869
20170404150035	870
20170404150635	871
20170404151235	872
20170404151835	873
20170404152435	874
20170404153035	875
20170404153635	876
20170404154235	877
20170404154835	878
20170404155435	879
20170404160035	880
20170404160635	881
20170404161235	882
20170404161835	883
20170404162435	884
20170404163035	885
20170404163635	886
20170404164235	887
20170404164835	888
20170404165435	889
20170404170035	890
20170404170635	891
20170404171235	892
20170404171835	893
20170404172435	894
20170404173035	895
20170404173635	896
20170404174235	897
20170404174835	898
20170404175435	899
20170404180035	900
20170404180635	901
20170404181235	902
20170404181835	903
20170404182435	904
20170404183035	905
20170404183635	906
20170404184235	907
20170404184835	908
20170404185435	909
20170404190035	910
20170404190635	911
20170404191235	912
20170404191835	913
20170404192435	914
20170404193035	915
20170404193635	916
20170404194235	917
20170404194835	918
20170404195435	919
20170404200035	920
20170404200635	921
20170404201235	922
20170404201835	923
20170404202435	924
20170404203035	925
20170404203635	926
20170404204235	927
20170404204835	928
20170404205435	929
20170404210035	930
20170404210635	931
20170404211235	932
20170404211835	933
20170404212435	934
20170404213035	935
20170404213635	936
20170404214235	937
20170404214835	938
20170404215435	939
20170404220035	940
20170404220635	941
20170404221235	942
20170404221835	943
20170404222435	944
20170404223035	945
20170404223635	946
20170404224235	947
20170404224835	948
20170404225435	949
20170404230035	950
20170404230635	951
20170404231235	952
20170404231835	953
20170404232435	954
20170404233035	955
20170404233635	956
20170404234235	957
20170404234835	958
20170404235435	959
20170405000035	960
20170405000635	961
20170405001235	962
20170405001835	963
20170405002435	964
20170405003035	965
20170405003635	966
20170405004235	967
20170405004835	968
20170405005435	969
20170405010035	970
20170405010635	971
20170405011235	972
20170405011835	973
20170405012435	974
20170405013035	975
20170405013635	976
20170405014235	977
20170405014835	978
20170405015435	979
20170405020035	980
20170405020635	981
20170405021235	982
20170405021835	983
20170405022435	984
20170405023035	985
20170405023635	986
20170405024235	987
20170405024835	988
20170405025435	989
20170405030035	990
20170405030635	991
20170405031235	992
20170405031835	993
20170405032435	994
20170405033035	995
20170405033635	996
20170405034235	997
20170405034835	998
20170405035435	999
20170405040035	1000
20170405040635	1001
20170405041235	1002
20170405041835	1003
20170405042435	1004
20170405043035	1005
20170405043635	1006
20170405044235	1007
20170405044835	1008
20170405045435	1009
20170405050035	1010
20170405050635	1011
20170405051235	1012
20170405051835	1013
20170405052435	1014
20170405053035	1015
20170405053635	1016
20170405054235	1017
20170405054835	1018
20170405055435	1019
20170405060035	1020
20170405060635	1021
20170405061235	1022
20170405061835	1023
20170405062435	1024
20170405063035	1025
20170405063635	1026
20170405064235	1027
20170405064835	1028
20170405065435	1029
20170405070035	1030
20170405070635	1031
20170405071235	1032
20170405071835	1033
20170405072435	1034
20170405073035	1035
20170405073635	1036
20170405074235	1037
20170405074835	1038
20170405075435	1039
20170405080035	1040
20170405080635	1041
20170405081235	1042
20170405114635	1077
20170405115235	1078
20170405115835	1079
20170405120435	1080
20170405121035	1081
20170405121635	1082
20170405122235	1083
20170405122835	1084
20170405123435	1085
20170405124035	1086
20170405124635	1087
20170405125235	1088
20170405125835	1089
20170405130435	1090
20170405131035	1091
20170405131635	1092
20170405132235	1093
20170405132835	1094
20170405133435	1095
20170405134035	1096
20170405134635	1097
20170405135235	1098
20170405135835	1099
20170405140435	1100
20170405141035	1101
20170405141635	1102
20170405142235	1103
20170405142835	1104
20170405143435	1105
20170405144035	1106
20170405144635	1107
20170405145235	1108
20170405145835	1109
20170405150435	1110
20170405151035	1111
20170405151635	1112
20170405152235	1113
20170405152835	1114
20170405153435	1115
20170405154035	1116
20170405154635	1117
20170405155235	1118
20170405155835	1119
20170405160435	1120
20170405161035	1121
20170405161635	1122
20170405162235	1123
20170405162835	1124
20170405163435	1125
20170405164035	1126
20170405164635	1127
20170405165235	1128
20170405165835	1129
20170405170435	1130
20170405171035	1131
20170405171635	1132
20170405172235	1133
20170405172835	1134
20170405173435	1135
20170405174035	1136
20170405174635	1137
20170405175235	1138
20170405175835	1139
20170405180435	1140
20170405181035	1141
20170405181635	1142
20170405182235	1143
20170405182835	1144
20170405183435	1145
20170405184035	1146
20170405184635	1147
20170405185235	1148
20170405185835	1149
20170405190435	1150
20170405191035	1151
20170405191635	1152
20170405192235	1153
20170405192835	1154
20170405193435	1155
20170405194035	1156
20170405194635	1157
20170405195235	1158
20170405195835	1159
20170405200435	1160
20170405201035	1161
20170405201635	1162
20170405202235	1163
20170405202835	1164
20170405203435	1165
20170406000035	1200
20170406000635	1201
20170406001235	1202
20170406001835	1203
20170406002435	1204
20170406003035	1205
20170406003635	1206
20170406004235	1207
20170406004835	1208
20170406005435	1209
20170406010035	1210
20170406010635	1211
20170406011235	1212
20170406011835	1213
20170406012435	1214
20170406013035	1215
20170406013635	1216
20170406014235	1217
20170406014835	1218
20170406015435	1219
20170406020035	1220
20170406020635	1221
20170406021235	1222
20170406021835	1223
20170406022435	1224
20170406023035	1225
20170406023635	1226
20170406024235	1227
20170406024835	1228
20170406025435	1229
20170406030035	1230
20170406030635	1231
20170406031235	1232
20170406031835	1233
20170406032435	1234
20170406033035	1235
20170406033635	1236
20170406034235	1237
20170406034835	1238
20170406035435	1239
20170406040035	1240
20170406040635	1241
20170406041235	1242
20170406041835	1243
20170406042435	1244
20170406043035	1245
20170406043635	1246
20170406044235	1247
20170406044835	1248
20170406045435	1249
20170406050035	1250
20170406050635	1251
20170406051235	1252
20170406051835	1253
20170406052435	1254
20170406053035	1255
20170406053635	1256
20170406054235	1257
20170406054835	1258
20170406055435	1259
20170406060035	1260
20170406060635	1261
20170406061235	1262
20170406061835	1263
20170406062435	1264
20170406063035	1265
20170406063635	1266
20170406064235	1267
20170406064835	1268
20170406065435	1269
20170406070035	1270
20170406070635	1271
20170406071235	1272
20170406071835	1273
20170406072435	1274
20170406073035	1275
20170406073635	1276
20170406074235	1277
20170406074835	1278
20170406075435	1279
20170406080035	1280
20170406080635	1281
20170406081235	1282
20170406081835	1283
20170406082435	1284
20170406083035	1285
20170406083635	1286
20170406084235	1287
20170406084835	1288
20170406085435	1289
20170406090035	1290
20170406090635	1291
20170406091235	1292
20170406091835	1293
20170406092435	1294
20170406093035	1295
20170406093635	1296
20170406094235	1297
20170406094835	1298
20170406095435	1299
20170406100035	1300
20170406100635	1301
20170406101235	1302
20170406101835	1303
20170406102435	1304
20170406103035	1305
20170406103635	1306
20170406104235	1307
20170406104835	1308
20170406105435	1309
20170406110035	1310
20170406110635	1311
20170406111235	1312
20170406111835	1313
20170406112435	1314
20170406113035	1315
20170406113635	1316
20170406114235	1317
20170406114835	1318
20170406115435	1319
20170406120035	1320
20170406120635	1321
20170406121235	1322
20170406121835	1323
20170406122435	1324
20170406123035	1325
20170406123635	1326
20170406124235	1327
20170406124835	1328
20170406125435	1329
20170406130035	1330
20170406130635	1331
20170406131235	1332
20170406131835	1333
20170406132435	1334
20170406133035	1335
20170406133635	1336
20170406134235	1337
20170406134835	1338
20170406135435	1339
20170406140035	1340
20170406140635	1341
20170406141235	1342
20170406141835	1343
20170406142435	1344
20170406143035	1345
20170406143635	1346
20170406144235	1347
20170406144835	1348
20170406145435	1349
20170406150035	1350
20170406150635	1351
20170406151235	1352
20170406151835	1353
20170406152435	1354
20170406153035	1355
20170406153635	1356
20170406154235	1357
20170406154835	1358
20170406155435	1359
20170406160035	1360
20170406160635	1361
20170406161235	1362
20170406161835	1363
20170406162435	1364
20170406163035	1365
20170406163635	1366
20170406164235	1367
20170406164835	1368
20170406165435	1369
20170406170035	1370
20170406170635	1371
20170406171235	1372
20170406171835	1373
20170406172435	1374
20170406173035	1375
20170406173635	1376
20170406174235	1377
20170406174835	1378
20170406175435	1379
20170406180035	1380
20170406180635	1381
20170406181235	1382
20170406181835	1383
20170406182435	1384
20170406183035	1385
20170406183635	1386
20170406184235	1387
20170406184835	1388
20170406185435	1389
20170406190035	1390
20170406190635	1391
20170406191235	1392
20170406191835	1393
20170406192435	1394
20170406193035	1395
20170406193635	1396
20170406194235	1397
20170406194835	1398
20170406195435	1399
20170406200035	1400
20170406200635	1401
20170406201235	1402
20170406201835	1403
20170406202435	1404
20170406203035	1405
20170406203635	1406
20170406204235	1407
20170406204835	1408
20170406205435	1409
20170406210035	1410
20170406210635	1411
20170406211235	1412
20170406211835	1413
20170406212435	1414
20170406213035	1415
20170406213635	1416
20170406214235	1417
20170406214835	1418
20170406215435	1419
20170406220035	1420
20170406220635	1421
20170406221235	1422
20170406221835	1423
20170406222435	1424
20170406223035	1425
20170406223635	1426
20170406224235	1427
20170406224835	1428
20170406225435	1429
20170406230035	1430
20170406230635	1431
20170406231235	1432
20170406231835	1433
20170406232435	1434
20170406233035	1435
20170406233635	1436
20170406234235	1437
20170406234835	1438
20170406235435	1439
20170407000035	1440
20170407000635	1441
20170407001235	1442
20170407001835	1443
20170407002435	1444
20170407003035	1445
20170407003635	1446
20170407004235	1447
20170407004835	1448
20170407005435	1449
20170407010035	1450
20170407010635	1451
20170407011235	1452
20170407011835	1453
20170407012435	1454
20170407013035	1455
20170407013635	1456
20170407014235	1457
20170407014835	1458
20170407015435	1459
20170407020035	1460
20170407020635	1461
20170407021235	1462
20170407021835	1463
20170407022435	1464
20170407023035	1465
20170407023635	1466
20170407024235	1467
20170407024835	1468
20170407025435	1469
20170407030035	1470
20170407030635	1471
20170407031235	1472
20170407031835	1473
20170407032435	1474
20170407033035	1475
20170407033635	1476
20170407034235	1477
20170407034835	1478
20170407035435	1479
20170407040035	1480
20170407040635	1481
20170407041235	1482
20170407041835	1483
20170407042435	1484
20170407043035	1485
20170407043635	1486
20170407044235	1487
20170407044835	1488
20170407045435	1489
20170407050235	1490
20170407050835	1491
20170407051435	1492
20170407052035	1493
20170407052635	1494
20170407053235	1495
20170407053835	1496
20170407054435	1497
20170407055035	1498
20170407055635	1499
20170407060235	1500
20170407060835	1501
20170407061435	1502
20170407062035	1503
20170407062635	1504
20170407063235	1505
20170407063835	1506
20170407064435	1507
20170407065035	1508
20170407065635	1509
20170407070235	1510
20170407070835	1511
20170407071435	1512
20170407072035	1513
20170407072635	1514
20170407073235	1515
20170407073835	1516
20170407074435	1517
20170407075035	1518
20170407075635	1519
20170407080235	1520
20170407080835	1521
20170407081435	1522
20170407082035	1523
20170407082635	1524
20170407083235	1525
20170407083835	1526
20170407084435	1527
20170407085035	1528
20170407085635	1529
20170407090235	1530
20170407090835	1531
20170407091435	1532
20170407092035	1533
20170407092635	1534
20170407093235	1535
20170407093835	1536
20170407094435	1537
20170407095035	1538
20170407095635	1539
20170407100235	1540
20170407100835	1541
20170407101435	1542
20170407102035	1543
20170407102635	1544
20170407103235	1545
20170407103835	1546
20170407104435	1547
20170407105035	1548
20170407105635	1549
20170407110235	1550
20170407110835	1551
20170407111435	1552
20170407112035	1553
20170407112635	1554
20170407113235	1555
20170407113835	1556
20170407114435	1557
20170407115035	1558
20170407115635	1559
20170407120235	1560
20170407120835	1561
20170407121435	1562
20170407122035	1563
20170407122635	1564
20170407123235	1565
20170407123835	1566
20170407124435	1567
20170407125035	1568
20170407125635	1569
20170407130235	1570
20170407130835	1571
20170407131435	1572
20170407132035	1573
20170407132635	1574
20170407133235	1575
20170407133835	1576
20170407134435	1577
20170407135035	1578
20170407135635	1579
20170407140235	1580
20170407140835	1581
20170407141435	1582
20170407142035	1583
20170407142635	1584
20170407143235	1585
20170407143835	1586
20170407144435	1587
20170407145035	1588
20170407145635	1589
20170407150235	1590
20170407150835	1591
20170407151435	1592
20170407152035	1593
20170407152635	1594
20170407153235	1595
20170407153835	1596
20170407154435	1597
20170407155035	1598
20170407155635	1599
20170407160235	1600
20170407160835	1601
20170407161435	1602
20170407162035	1603
20170407162635	1604
20170407163235	1605
20170407163835	1606
20170407164435	1607
20170407165035	1608
20170407165635	1609
20170407170235	1610
20170407170835	1611
20170407171435	1612
20170407172035	1613
20170407172635	1614
20170407173235	1615
20170407173835	1616
20170407174435	1617
20170407175035	1618
20170407175635	1619
20170407180235	1620
20170407180835	1621
20170407181435	1622
20170407182035	1623
20170407182635	1624
20170407183235	1625
20170407183835	1626
20170407184435	1627
20170407185035	1628
20170407185635	1629
20170407190235	1630
20170407190835	1631
20170407191435	1632
20170407192035	1633
20170407192635	1634
20170407193235	1635
20170407193835	1636
20170407194435	1637
20170407195035	1638
20170407195635	1639
20170407200235	1640
20170407200835	1641
20170407201435	1642
20170407202035	1643
20170407202635	1644
20170407203235	1645
20170408000035	1680
20170408000635	1681
20170408001235	1682
20170408001835	1683
20170408002435	1684
20170408003035	1685
20170408003635	1686
20170408004235	1687
20170408004835	1688
20170408005435	1689
20170408010035	1690
20170408010635	1691
20170408011235	1692
20170408011835	1693
20170408012435	1694
20170408013035	1695
20170408013635	1696
20170408014235	1697
20170408014835	1698
20170408015435	1699
20170408020035	1700
20170408020635	1701
20170408021235	1702
20170408021835	1703
20170408022435	1704
20170408023035	1705
20170408023635	1706
20170408024235	1707
20170408024835	1708
20170408025435	1709
20170408030035	1710
20170408030635	1711
20170408031235	1712
20170408031835	1713
20170408032435	1714
20170408033035	1715
20170408033635	1716
20170408034235	1717
20170408034835	1718
20170408035435	1719
20170408040035	1720
20170408040635	1721
20170408041235	1722
20170408041835	1723
20170408042435	1724
20170408043035	1725
20170408043635	1726
20170408044235	1727
20170408044835	1728
20170408045435	1729
20170408050035	1730
20170408050635	1731
20170408051235	1732
20170408051835	1733
20170408052435	1734
20170408053035	1735
20170408053635	1736
20170408054235	1737
20170408054835	1738
20170408055435	1739
20170408060035	1740
20170408060635	1741
20170408061235	1742
20170408061835	1743
20170408062435	1744
20170408063035	1745
20170408063635	1746
20170408064235	1747
20170408064835	1748
20170408065435	1749
20170408070035	1750
20170408070635	1751
20170408071235	1752
20170408071835	1753
20170408072435	1754
20170408073035	1755
20170408073635	1756
20170408074235	1757
20170408074835	1758
20170408075435	1759
20170408080035	1760
20170408080635	1761
20170408081235	1762
20170408081835	1763
20170408082435	1764
20170408083035	1765
20170408083635	1766
20170408084235	1767
20170408084835	1768
20170408085435	1769
20170408090035	1770
20170408090635	1771
20170408091235	1772
20170408091835	1773
20170408092435	1774
20170408093035	1775
20170408093635	1776
20170408094235	1777
20170408094835	1778
20170408095435	1779
20170408100035	1780
20170408100635	1781
20170408101235	1782
20170408101835	1783
20170408102435	1784
20170408103035	1785
20170408103635	1786
20170408104235	1787
20170408104835	1788
20170408105435	1789
20170408110035	1790
20170408110635	1791
20170408111235	1792
20170408111835	1793
20170408112435	1794
20170408113035	1795
20170408113635	1796
20170408114235	1797
20170408114835	1798
20170408115435	1799
20170408120035	1800
20170408120635	1801
20170408121235	1802
20170408121835	1803
20170408122435	1804
20170408123035	1805
20170408123635	1806
20170408124235	1807
20170408124835	1808
20170408125435	1809
20170408130035	1810
20170408130635	1811
20170408131235	1812
20170408131835	1813
20170408132435	1814
20170408133035	1815
20170408133635	1816
20170408134235	1817
20170408134835	1818
20170408135435	1819
20170408140035	1820
20170408140635	1821
20170408141235	1822
20170408141835	1823
20170408142435	1824
20170408143035	1825
20170408143635	1826
20170408144235	1827
20170408144835	1828
20170408145435	1829
20170408150035	1830
20170408150635	1831
20170408151235	1832
20170408151835	1833
20170408152435	1834
20170408153035	1835
20170408153635	1836
20170408154235	1837
20170408154835	1838
20170408155435	1839
20170408160035	1840
20170408160635	1841
20170408161235	1842
20170408161835	1843
20170408162435	1844
20170408163035	1845
20170408163635	1846
20170408164235	1847
20170408164835	1848
20170408165435	1849
20170408170035	1850
20170408170635	1851
20170408171235	1852
20170408171835	1853
20170408172435	1854
20170408173035	1855
20170408173635	1856
20170408174235	1857
20170408174835	1858
20170408175435	1859
20170408180035	1860
20170408180635	1861
20170408181235	1862
20170408181835	1863
20170408182435	1864
20170408183035	1865
20170408183635	1866
20170408184235	1867
20170408184835	1868
20170408185435	1869
20170408190035	1870
20170408190635	1871
20170408191235	1872
20170408191835	1873
20170408192435	1874
20170408193035	1875
20170408193635	1876
20170408194235	1877
20170408194835	1878
20170408195435	1879
20170408200035	1880
20170408200635	1881
20170408201235	1882
20170408201835	1883
20170408202435	1884
20170408203035	1885
20170408203635	1886
20170408204235	1887
20170408204835	1888
20170408205435	1889
20170408210035	1890
20170408210635	1891
20170408211235	1892
20170408211835	1893
20170408212435	1894
20170408213035	1895
20170408213635	1896
20170408214235	1897
20170408214835	1898
20170408215435	1899
20170408220035	1900
20170408220635	1901
20170408221235	1902
20170408221835	1903
20170408222435	1904
20170408223035	1905
20170408223635	1906
20170408224235	1907
20170408224835	1908
20170408225435	1909
20170408230035	1910
20170408230635	1911
20170408231235	1912
20170408231835	1913
20170408232435	1914
20170408233035	1915
20170408233635	1916
20170408234235	1917
20170408234835	1918
20170408235435	1919
20170409000035	1920
20170409000635	1921
20170409001235	1922
20170409001835	1923
20170409002435	1924
20170409003035	1925
20170409003635	1926
20170409004235	1927
20170409004835	1928
20170409005435	1929
20170409010035	1930
20170409010635	1931
20170409011235	1932
20170409011835	1933
20170409012435	1934
20170409013035	1935
20170409013635	1936
20170409014235	1937
20170409014835	1938
20170409015435	1939
20170409020035	1940
20170409020635	1941
20170409021235	1942
20170409021835	1943
20170409022435	1944
20170409023035	1945
20170409023635	1946
20170409024235	1947
20170409024835	1948
20170409025435	1949
20170409030035	1950
20170409030635	1951
20170409031235	1952
20170409031835	1953
20170409032435	1954
20170409033035	1955
20170409033635	1956
20170409034235	1957
20170409034835	1958
20170409035435	1959
20170409040035	1960
20170409040635	1961
20170409041235	1962
20170409041835	1963
20170409042435	1964
20170409043035	1965
20170409043635	1966
20170409044235	1967
20170409044835	1968
20170409045435	1969
20170409050035	1970
20170409050635	1971
20170409051235	1972
20170409051835	1973
20170409052435	1974
20170409053035	1975
20170409053635	1976
20170409054235	1977
20170409054835	1978
20170409055435	1979
20170409060035	1980
20170409060635	1981
20170409061235	1982
20170409061835	1983
20170409062435	1984
20170409063035	1985
20170409063635	1986
20170409064235	1987
20170409064835	1988
20170409065435	1989
20170409070035	1990
20170409070635	1991
20170409071235	1992
20170409071835	1993
20170409072435	1994
20170409073035	1995
20170409073635	1996
20170409074235	1997
20170409074835	1998
20170409075435	1999
20170409080035	2000
20170409080635	2001
20170409081235	2002
20170409081835	2003
20170409082435	2004
20170409083035	2005
20170409083635	2006
20170409084235	2007
20170409084835	2008
20170409085435	2009
20170409090035	2010
20170409090635	2011
20170409091235	2012
20170409091835	2013
20170409092435	2014
20170409093035	2015
20170409093635	2016
20170409094235	2017
20170409094835	2018
20170409095435	2019
20170409100035	2020
20170409100635	2021
20170409101235	2022
20170409101835	2023
20170409102435	2024
20170409103035	2025
20170409103635	2026
20170409104235	2027
20170409104835	2028
20170409105435	2029
20170409110035	2030
20170409110635	2031
20170409111235	2032
20170409111835	2033
20170409112435	2034
20170409113035	2035
20170409113635	2036
20170409114235	2037
20170409114835	2038
20170409115435	2039
20170409120035	2040
20170409120635	2041
20170409121235	2042
20170409121835	2043
20170409122435	2044
20170409123035	2045
20170409123635	2046
20170409124235	2047
20170409124835	2048
20170409125435	2049
20170409130035	2050
20170409130635	2051
20170409131235	2052
20170409131835	2053
20170409132435	2054
20170409133035	2055
20170409133635	2056
20170409134235	2057
20170409134835	2058
20170409135435	2059
20170409140035	2060
20170409140635	2061
20170409141235	2062
20170409141835	2063
20170409142435	2064
20170409143035	2065
20170409143635	2066
20170409144235	2067
20170409144835	2068
20170409145435	2069
20170409150035	2070
20170409150635	2071
20170409151235	2072
20170409151835	2073
20170409152435	2074
20170409153035	2075
20170409153635	2076
20170409154235	2077
20170409154835	2078
20170409155435	2079
20170409160035	2080
20170409160635	2081
20170409161235	2082
20170409161835	2083
20170409162435	2084
20170409163035	2085
20170409163635	2086
20170409164235	2087
20170409164835	2088
20170409165435	2089
20170409170035	2090
20170409170635	2091
20170409171235	2092
20170409171835	2093
20170409172435	2094
20170409173035	2095
20170409173635	2096
20170409174235	2097
20170409174835	2098
20170409175435	2099
20170409180035	2100
20170409180635	2101
20170409181235	2102
20170409181835	2103
20170409182435	2104
20170409183035	2105
20170409183635	2106
20170409184235	2107
20170409184835	2108
20170409185435	2109
20170409190035	2110
20170409190635	2111
20170409191235	2112
20170409191835	2113
20170409192435	2114
20170409193035	2115
20170409193635	2116
20170409194235	2117
20170409194835	2118
20170409195435	2119
20170409200035	2120
20170409200635	2121
20170409201235	2122
20170409201835	2123
20170409202435	2124
20170409203035	2125
20170409203635	2126
20170409204235	2127
20170409204835	2128
20170409205435	2129
20170409210035	2130
20170409210635	2131
20170409211235	2132
20170409211835	2133
20170409212435	2134
20170409213035	2135
20170409213635	2136
20170409214235	2137
20170409214835	2138
20170409215435	2139
20170409220035	2140
20170409220635	2141
20170409221235	2142
20170409221835	2143
20170409222435	2144
20170409223035	2145
20170409223635	2146
20170409224235	2147
20170409224835	2148
20170409225435	2149
20170409230035	2150
20170409230635	2151
20170409231235	2152
20170409231835	2153
20170409232435	2154
20170409233035	2155
20170409233635	2156
20170409234235	2157
20170409234835	2158
20170409235435	2159
20170410000035	2160
20170410000635	2161
20170410001235	2162
20170410001835	2163
20170410002435	2164
20170410003035	2165
20170410003635	2166
20170410004235	2167
20170410004835	2168
20170410005435	2169
20170410010035	2170
20170410010635	2171
20170410011235	2172
20170410011835	2173
20170410012435	2174
20170410013035	2175
20170410013635	2176
20170410014235	2177
20170410014835	2178
20170410015435	2179
20170410020035	2180
20170410020635	2181
20170410021235	2182
20170410021835	2183
20170410022435	2184
20170410023035	2185
20170410023635	2186
20170410024235	2187
20170410024835	2188
20170410025435	2189
20170410030035	2190
20170410030635	2191
20170410031235	2192
20170410031835	2193
20170410032435	2194
20170410033035	2195
20170410033635	2196
20170410034235	2197
20170410034835	2198
20170410035435	2199
20170410040035	2200
20170410040635	2201
20170410041235	2202
20170410041835	2203
20170410042435	2204
20170410043035	2205
20170410043635	2206
20170410044235	2207
20170410044835	2208
20170410045435	2209
20170410050035	2210
20170410050635	2211
20170410051235	2212
20170410051835	2213
20170410052435	2214
20170410053035	2215
20170410053635	2216
20170410054235	2217
20170410054835	2218
20170410055435	2219
20170410060035	2220
20170410060635	2221
20170410061235	2222
20170410061835	2223
20170410062435	2224
20170410063035	2225
20170410063635	2226
20170410064235	2227
20170410064835	2228
20170410065435	2229
20170410070035	2230
20170410070635	2231
20170410071235	2232
20170410071835	2233
20170410072435	2234
20170410073035	2235
20170410073635	2236
20170410074235	2237
20170410074835	2238
20170410075435	2239
20170410080035	2240
20170410080635	2241
20170410081235	2242
20170410081835	2243
20170410082435	2244
20170410083035	2245
20170410083635	2246
20170410084235	2247
20170410084835	2248
20170410085435	2249
20170410090035	2250
20170410090635	2251
20170410091235	2252
20170410091835	2253
20170410092435	2254
20170410093035	2255
20170410093635	2256
20170410094235	2257
20170410094835	2258
20170410095435	2259
20170410100035	2260
20170410100635	2261
20170410101235	2262
20170410101835	2263
20170410102435	2264
20170410103035	2265
20170410103635	2266
20170410104235	2267
20170410104835	2268
20170410105435	2269
20170410110035	2270
20170410110635	2271
20170410111235	2272
20170410111835	2273
20170410112435	2274
20170410113035	2275
20170410113635	2276
20170410114235	2277
20170410114835	2278
20170410115435	2279
20170410120035	2280
20170410120635	2281
20170410121235	2282
20170410121835	2283
20170410122435	2284
20170410123035	2285
20170410123635	2286
20170410124235	2287
20170410124835	2288
20170410125435	2289
20170410130035	2290
20170410130635	2291
20170410131235	2292
20170410131835	2293
20170410132435	2294
20170410133035	2295
20170410133635	2296
20170410134235	2297
20170410134835	2298
20170410135435	2299
20170410140035	2300
20170410140635	2301
20170410141235	2302
20170410141835	2303
20170410142435	2304
20170410143035	2305
20170410143635	2306
20170410144235	2307
20170410144835	2308
20170410145435	2309
20170410150035	2310
20170410150635	2311
20170410151235	2312
20170410151835	2313
20170410152435	2314
20170410153035	2315
20170410153635	2316
20170410154235	2317
20170410154835	2318
20170410155435	2319
20170410160035	2320
20170410160635	2321
20170410161235	2322
20170410161835	2323
20170410162435	2324
20170410163035	2325
20170410163635	2326
20170410164235	2327
20170410164835	2328
20170410165435	2329
20170410170035	2330
20170410170635	2331
20170410171235	2332
20170410171835	2333
20170410172435	2334
20170410173035	2335
20170410173635	2336
20170410174235	2337
20170410174835	2338
20170410175435	2339
20170410180035	2340
20170410180635	2341
20170410181235	2342
20170410181835	2343
20170410182435	2344
20170410183035	2345
20170410183635	2346
20170410184235	2347
20170410184835	2348
20170410185435	2349
20170410190035	2350
20170410190635	2351
20170410191235	2352
20170410191835	2353
20170410192435	2354
20170410193035	2355
20170410193635	2356
20170410194235	2357
20170410194835	2358
20170410195435	2359
20170410200035	2360
20170410200635	2361
20170410201235	2362
20170410201835	2363
20170410202435	2364
20170410203035	2365
20170808000035	2400
20170808000635	2401
20170808001235	2402
20170808001835	2403
20170808002435	2404
20170808003035	2405
20170808003635	2406
20170808004235	2407
20170808004835	2408
20170808005435	2409
20170808010035	2410
20170808010635	2411
20170808011235	2412
20170808011835	2413
20170808012435	2414
20170808013035	2415
20170808013635	2416
20170808014235	2417
20170808014835	2418
20170808015435	2419
20170808020035	2420
20170808020635	2421
20170808021235	2422
20170808021835	2423
20170808022435	2424
20170808023035	2425
20170808023635	2426
20170808024235	2427
20170808024835	2428
20170808025435	2429
20170808030035	2430
20170808030635	2431
20170808031235	2432
20170808031835	2433
20170808032435	2434
20170808033035	2435
20170808033635	2436
20170808034235	2437
20170808034835	2438
20170808035435	2439
20170808040035	2440
20170808040635	2441
20170808041235	2442
20170808041835	2443
20170808042435	2444
20170808043035	2445
20170808043635	2446
20170808044235	2447
20170808044835	2448
20170808045435	2449
20170808050035	2450
20170808050635	2451
20170808051235	2452
20170808051835	2453
20170808052435	2454
20170808053035	2455
20170808053635	2456
20170808054235	2457
20170808054835	2458
20170808055435	2459
20170808060035	2460
20170808060635	2461
20170808061235	2462
20170808061835	2463
20170808062435	2464
20170808063035	2465
20170808063635	2466
20170808064235	2467
20170808064835	2468
20170808065435	2469
20170808070035	2470
20170808070635	2471
20170808071235	2472
20170808071835	2473
20170808072435	2474
20170808073035	2475
20170808073635	2476
20170808074235	2477
20170808074835	2478
20170808075435	2479
20170808080035	2480
20170808080635	2481
20170808081235	2482
20170808081835	2483
20170808082435	2484
20170808083035	2485
20170808083635	2486
20170808084235	2487
20170808084835	2488
20170808085435	2489
20170808090035	2490
20170808090635	2491
20170808091235	2492
20170808091835	2493
20170808092435	2494
20170808093035	2495
20170808093635	2496
20170808094235	2497
20170808094835	2498
20170808095435	2499
20170808100035	2500
20170808100635	2501
20170808101235	2502
20170808101835	2503
20170808102435	2504
20170808103035	2505
20170808103635	2506
20170808104235	2507
20170808104835	2508
20170808105435	2509
20170808110035	2510
20170808110635	2511
20170808111235	2512
20170808111835	2513
20170808112435	2514
20170808113035	2515
20170808113635	2516
20170808114235	2517
20170808114835	2518
20170808115435	2519
20170808120035	2520
20170808120635	2521
20170808121235	2522
20170808121835	2523
20170808122435	2524
20170808123035	2525
20170808123635	2526
20170808124235	2527
20170808124835	2528
20170808125435	2529
20170808130035	2530
20170808130635	2531
20170808131235	2532
20170808131835	2533
20170808132435	2534
20170808133035	2535
20170808133635	2536
20170808134235	2537
20170808134835	2538
20170808135435	2539
20170808140035	2540
20170808140635	2541
20170808141235	2542
20170808141835	2543
20170808142435	2544
20170808143035	2545
20170808143635	2546
20170808144235	2547
20170808144835	2548
20170808145435	2549
20170808150035	2550
20170808150635	2551
20170808151235	2552
20170808151835	2553
20170808152435	2554
20170808153035	2555
20170808153635	2556
20170808154235	2557
20170808154835	2558
20170808155435	2559
20170808160035	2560
20170808160635	2561
20170808161235	2562
20170808161835	2563
20170808162435	2564
20170808163035	2565
20170808163635	2566
20170808164235	2567
20170808164835	2568
20170808165435	2569
20170808170035	2570
20170808170635	2571
20170808171235	2572
20170808171835	2573
20170808172435	2574
20170808173035	2575
20170808173635	2576
20170808174235	2577
20170808174835	2578
20170808175435	2579
20170808180035	2580
20170808180635	2581
20170808181235	2582
20170808181835	2583
20170808182435	2584
20170808183035	2585
20170808183635	2586
20170808184235	2587
20170808184835	2588
20170808185435	2589
20170808190035	2590
20170808190635	2591
20170808191235	2592
20170808191835	2593
20170808192435	2594
20170808193035	2595
20170808193635	2596
20170808194235	2597
20170808194835	2598
20170808195435	2599
20170808200035	2600
20170808200635	2601
20170808201235	2602
20170808201835	2603
20170808202435	2604
20170808203035	2605
